[[   0    0]
 [ 817  265]
 [1055  264]
 [1573  447]
 [2654  625]
 [1210  330]
 [ 526  149]
 [ 637  229]
 [1250  346]
 [ 881  309]
 [1954  481]
 [2397  626]
 [3360  838]
 [3005  747]
 [4180 1024]
 [4394 1116]
 [2811  727]
 [3328  884]
 [4218 1260]
 [4197 1017]
 [4341 1051]
 [6928 1408]
 [7294 1470]
 [7775 1585]
 [8509 1703]
 [9110 1859]
 [3297  702]
 [3576  765]
 [7538 1629]
 [7746 1684]
 [7622 1645]
 [7642 1658]
 [9644 1896]
 [7277 1618]
 [7247 1603]
 [5747 1602]
 [5478 1513]
 [6307 1308]
 [6657 1406]
 [7892 1724]
 [8540 1821]
 [7767 1642]
 [8737 1964]
 [7904 1733]
 [5690 1187]
 [5366 1131]
 [3273  707]
 [3049  678]
 [2318  544]
 [1753  430]
 [1190  309]
 [ 599  161]]
[[ 817  265]
 [   0    0]
 [ 715  159]
 [1352  413]
 [2988  731]
 [1256  315]
 [ 904  190]
 [1454  375]
 [1783  386]
 [1698  455]
 [2649  626]
 [3197  768]
 [4055  983]
 [3699  892]
 [4874 1170]
 [4797 1181]
 [3432  833]
 [3948  990]
 [4839 1366]
 [4817 1123]
 [4962 1157]
 [7622 1554]
 [7989 1615]
 [8470 1731]
 [9203 1848]
 [9804 2005]
 [3138  612]
 [3086  577]
 [7048 1441]
 [7256 1496]
 [7132 1457]
 [7152 1470]
 [7326 1533]
 [6787 1430]
 [6757 1415]
 [7751 1695]
 [6098 1618]
 [5817 1120]
 [6167 1217]
 [7402 1536]
 [8050 1632]
 [7277 1454]
 [8247 1775]
 [7414 1544]
 [5200  998]
 [4876  942]
 [2783  519]
 [2559  490]
 [1828  355]
 [1827  418]
 [1677  370]
 [1211  264]]
[[ 1055   264]
 [  715   159]
 [    0     0]
 [  637   254]
 [ 1984   452]
 [  540   156]
 [  609   166]
 [ 1162   251]
 [ 1068   227]
 [ 1686   386]
 [ 2685   586]
 [ 3128   731]
 [ 4091   943]
 [ 3735   852]
 [ 4911  1130]
 [ 5125  1222]
 [ 3725   866]
 [ 4241  1023]
 [ 5095  1432]
 [ 5111  1156]
 [ 5255  1190]
 [ 7659  1514]
 [ 8025  1575]
 [ 8506  1691]
 [ 9240  1808]
 [ 9841  1965]
 [ 4228   901]
 [ 3801   838]
 [ 7762  1702]
 [ 7970  1757]
 [ 7847  1718]
 [ 7866  1731]
 [10375  2001]
 [ 7502  1691]
 [ 7471  1676]
 [ 6624  1773]
 [ 6355  1684]
 [ 6532  1381]
 [ 6881  1478]
 [ 8117  1797]
 [ 8764  1894]
 [ 7992  1715]
 [ 8961  2037]
 [ 8129  1806]
 [ 5914  1259]
 [ 5590  1203]
 [ 3497   780]
 [ 3274   751]
 [ 2543   616]
 [ 2684   629]
 [ 2121   509]
 [ 1531   360]]
[[ 1573   447]
 [ 1352   413]
 [  637   254]
 [    0     0]
 [ 1103   226]
 [  464    76]
 [  766   254]
 [  900   177]
 [  835   161]
 [ 1453   320]
 [ 2562   531]
 [ 3005   676]
 [ 3968   888]
 [ 3613   797]
 [ 4788  1075]
 [ 5002  1167]
 [ 3602   810]
 [ 4118   967]
 [ 5783  1476]
 [ 4988  1100]
 [ 5132  1135]
 [ 7536  1459]
 [ 7902  1520]
 [ 8383  1636]
 [ 9117  1753]
 [ 9718  1910]
 [ 4735  1068]
 [ 4873  1105]
 [11326  2169]
 [11342  2178]
 [10852  2088]
 [10688  2091]
 [10252  1946]
 [10672  2109]
 [ 7543  1818]
 [ 7312  1818]
 [ 7043  1729]
 [ 7604  1647]
 [ 7953  1745]
 [ 9189  2064]
 [ 9836  2160]
 [ 9064  1982]
 [10033  2303]
 [ 9201  2072]
 [ 6753  1437]
 [ 6662  1470]
 [ 4701  1072]
 [ 4398  1035]
 [ 3710   920]
 [ 3191   796]
 [ 2628   676]
 [ 1988   473]]
[[ 2654   625]
 [ 2988   731]
 [ 1984   452]
 [ 1103   226]
 [    0     0]
 [ 1244   232]
 [ 2082   473]
 [ 1826   369]
 [ 1248   261]
 [ 1867   420]
 [ 3316   709]
 [ 3760   854]
 [ 4825  1101]
 [ 4470  1010]
 [ 5645  1288]
 [ 5859  1380]
 [ 4356   988]
 [ 4873  1145]
 [ 6538  1654]
 [ 5994  1367]
 [ 6138  1401]
 [ 8290  1637]
 [ 8656  1698]
 [ 9137  1814]
 [ 9871  1931]
 [10472  2088]
 [ 5489  1248]
 [ 5627  1285]
 [12080  2347]
 [12096  2356]
 [11606  2266]
 [11442  2269]
 [11007  2124]
 [11426  2287]
 [ 8298  1996]
 [ 8066  1996]
 [ 7797  1907]
 [ 8358  1827]
 [ 8707  1925]
 [ 9943  2244]
 [10590  2340]
 [ 9818  2162]
 [10788  2483]
 [ 9955  2252]
 [ 7507  1617]
 [ 7417  1650]
 [ 5455  1252]
 [ 5152  1215]
 [ 4644  1101]
 [ 3945   976]
 [ 3382   856]
 [ 2742   653]]
[[ 1210   330]
 [ 1256   315]
 [  540   156]
 [  464    76]
 [ 1244   232]
 [    0     0]
 [  684   216]
 [  661   155]
 [  567   130]
 [ 1185   290]
 [ 2269   506]
 [ 2713   651]
 [ 3675   863]
 [ 3320   772]
 [ 4495  1050]
 [ 4710  1142]
 [ 3309   785]
 [ 3826   942]
 [ 5491  1451]
 [ 4695  1075]
 [ 4839  1109]
 [ 7243  1433]
 [ 7610  1495]
 [ 8090  1611]
 [ 8824  1728]
 [ 9425  1885]
 [ 4412   995]
 [ 4550  1031]
 [11033  2144]
 [11049  2153]
 [10559  2063]
 [10395  2066]
 [ 9960  1921]
 [10379  2084]
 [ 7251  1793]
 [ 7020  1793]
 [ 6750  1704]
 [ 7281  1574]
 [ 7630  1672]
 [ 8865  1991]
 [ 9513  2087]
 [ 8741  1909]
 [ 9710  2230]
 [ 8878  1999]
 [ 6429  1364]
 [ 6339  1397]
 [ 4378   999]
 [ 4075   962]
 [ 3246   844]
 [ 2868   723]
 [ 2305   603]
 [ 1635   414]]
[[ 526  149]
 [ 904  190]
 [ 609  166]
 [ 766  254]
 [2082  473]
 [ 684  216]
 [   0    0]
 [ 856  188]
 [1211  252]
 [1194  338]
 [2266  509]
 [2710  654]
 [3672  866]
 [3317  775]
 [4492 1053]
 [4489 1106]
 [3124  757]
 [3641  914]
 [4531 1290]
 [4510 1047]
 [4654 1082]
 [7240 1437]
 [7607 1498]
 [8087 1614]
 [8821 1731]
 [9422 1888]
 [3743  817]
 [3881  854]
 [7842 1717]
 [8050 1772]
 [7927 1734]
 [7946 1747]
 [9957 1924]
 [7582 1707]
 [6291 1632]
 [6060 1632]
 [5790 1543]
 [6612 1396]
 [6961 1494]
 [8197 1813]
 [8844 1909]
 [8072 1731]
 [9042 2052]
 [8209 1821]
 [5761 1186]
 [5670 1219]
 [3709  822]
 [3406  784]
 [2767  688]
 [2199  545]
 [1636  425]
 [ 996  223]]
[[  637   229]
 [ 1454   375]
 [ 1162   251]
 [  900   177]
 [ 1826   369]
 [  661   155]
 [  856   188]
 [    0     0]
 [  578   147]
 [  638   220]
 [ 1711   392]
 [ 2155   537]
 [ 3117   749]
 [ 2762   658]
 [ 3937   935]
 [ 4151  1027]
 [ 2751   671]
 [ 3268   828]
 [ 4932  1337]
 [ 4137   961]
 [ 4281   995]
 [ 6685  1319]
 [ 7051  1381]
 [ 7532  1496]
 [ 8266  1614]
 [ 8867  1770]
 [ 3884   929]
 [ 4022   965]
 [10475  2030]
 [10491  2039]
 [10001  1948]
 [ 9837  1952]
 [ 9402  1807]
 [ 9821  1969]
 [ 6692  1679]
 [ 6461  1678]
 [ 6192  1590]
 [ 6753  1508]
 [ 7102  1606]
 [ 8338  1924]
 [ 8985  2021]
 [ 8213  1842]
 [ 9183  2164]
 [ 8350  1933]
 [ 5902  1297]
 [ 5812  1331]
 [ 3850   933]
 [ 3547   895]
 [ 2908   800]
 [ 2340   656]
 [ 1777   536]
 [ 1137   334]]
[[ 1250   346]
 [ 1783   386]
 [ 1068   227]
 [  835   161]
 [ 1248   261]
 [  567   130]
 [ 1211   252]
 [  578   147]
 [    0     0]
 [  619   159]
 [ 2068   449]
 [ 2511   594]
 [ 3474   806]
 [ 3118   715]
 [ 4293   992]
 [ 4508  1084]
 [ 3108   728]
 [ 3624   885]
 [ 5289  1394]
 [ 4493  1018]
 [ 4638  1052]
 [ 7042  1376]
 [ 7408  1438]
 [ 7889  1553]
 [ 8623  1670]
 [ 9224  1827]
 [ 4241   988]
 [ 4379  1024]
 [10831  2087]
 [10848  2096]
 [10358  2005]
 [10194  2008]
 [ 9758  1864]
 [10178  2026]
 [ 7049  1736]
 [ 6818  1735]
 [ 6548  1647]
 [ 7109  1567]
 [ 7459  1665]
 [ 8694  1983]
 [ 9342  2080]
 [ 8569  1901]
 [ 9539  2223]
 [ 8707  1992]
 [ 6258  1356]
 [ 6168  1390]
 [ 4207   992]
 [ 3903   954]
 [ 3264   859]
 [ 2697   715]
 [ 2134   595]
 [ 1494   393]]
[[  881   309]
 [ 1698   455]
 [ 1686   386]
 [ 1453   320]
 [ 1867   420]
 [ 1185   290]
 [ 1194   338]
 [  638   220]
 [  619   159]
 [    0     0]
 [ 1628   347]
 [ 2072   492]
 [ 3034   704]
 [ 2679   613]
 [ 3854   891]
 [ 4069   983]
 [ 2668   627]
 [ 3185   784]
 [ 4850  1293]
 [ 4054   917]
 [ 4198   951]
 [ 6602  1275]
 [ 6968  1336]
 [ 7449  1452]
 [ 8183  1569]
 [ 8784  1726]
 [ 3801   886]
 [ 3939   923]
 [10392  1985]
 [10408  1994]
 [ 9918  1904]
 [ 9754  1907]
 [ 9319  1762]
 [ 9738  1925]
 [ 6610  1635]
 [ 6378  1634]
 [ 6109  1545]
 [ 6670  1465]
 [ 7019  1563]
 [ 8255  1882]
 [ 8902  1978]
 [ 8130  1800]
 [ 9100  2121]
 [ 8267  1890]
 [ 5819  1255]
 [ 5729  1288]
 [ 3767   891]
 [ 3464   853]
 [ 2825   757]
 [ 2257   614]
 [ 1694   494]
 [ 1054   292]]
[[1954  481]
 [2649  626]
 [2685  586]
 [2562  531]
 [3316  709]
 [2269  506]
 [2266  509]
 [1711  392]
 [2068  449]
 [1628  347]
 [   0    0]
 [ 443  145]
 [1856  468]
 [2011  438]
 [3186  716]
 [2633  683]
 [1268  335]
 [1784  492]
 [3220 1013]
 [2654  625]
 [2798  659]
 [4974  927]
 [5340  989]
 [5821 1104]
 [6555 1222]
 [7156 1378]
 [3664  822]
 [3802  858]
 [8764 1638]
 [8780 1647]
 [8290 1556]
 [8126 1560]
 [7690 1415]
 [8110 1578]
 [4980 1355]
 [4749 1355]
 [4479 1266]
 [6533 1401]
 [6882 1499]
 [9359 1906]
 [9899 1989]
 [7993 1735]
 [8962 2057]
 [8130 1826]
 [4761 1137]
 [5591 1224]
 [3630  826]
 [3327  788]
 [2687  693]
 [2120  550]
 [1632  449]
 [1536  375]]
[[2397  626]
 [3197  768]
 [3128  731]
 [3005  676]
 [3760  854]
 [2713  651]
 [2710  654]
 [2155  537]
 [2511  594]
 [2072  492]
 [ 443  145]
 [   0    0]
 [ 821  239]
 [1173  344]
 [2293  543]
 [1766  499]
 [ 717  208]
 [ 766  193]
 [2887  912]
 [1748  431]
 [1892  466]
 [5129  919]
 [5495  981]
 [3617  675]
 [4089  754]
 [4784  933]
 [4000  952]
 [4138  988]
 [8918 1630]
 [8935 1639]
 [8445 1548]
 [8281 1551]
 [7845 1407]
 [4511  900]
 [4385  879]
 [3611  765]
 [4146 1165]
 [5179 1080]
 [5022 1096]
 [5843 1274]
 [6607 1438]
 [5703 1224]
 [7691 1736]
 [6928 1515]
 [4780 1168]
 [4543 1138]
 [3966  956]
 [3663  918]
 [3023  823]
 [2456  679]
 [1968  579]
 [1993  519]]
[[3360  838]
 [4055  983]
 [4091  943]
 [3968  888]
 [4825 1101]
 [3675  863]
 [3672  866]
 [3117  749]
 [3474  806]
 [3034  704]
 [1856  468]
 [ 821  239]
 [   0    0]
 [ 353  105]
 [1472  303]
 [1034  278]
 [ 767  251]
 [ 670  225]
 [3559 1042]
 [1168  265]
 [1313  299]
 [3046  730]
 [3412  792]
 [3496  740]
 [4627 1025]
 [5228 1181]
 [4843 1125]
 [4981 1161]
 [6512 1312]
 [6529 1321]
 [6039 1230]
 [5875 1234]
 [5439 1089]
 [5859 1252]
 [4265  944]
 [3490  830]
 [4818 1295]
 [5059 1145]
 [4901 1161]
 [7108 1580]
 [7648 1663]
 [7126 1541]
 [8659 1947]
 [8351 1832]
 [5694 1369]
 [5457 1339]
 [4809 1129]
 [4506 1091]
 [3867  996]
 [3299  853]
 [2812  752]
 [2942  748]]
[[3005  747]
 [3699  892]
 [3735  852]
 [3613  797]
 [4470 1010]
 [3320  772]
 [3317  775]
 [2762  658]
 [3118  715]
 [2679  613]
 [2011  438]
 [1173  344]
 [ 353  105]
 [   0    0]
 [1172  277]
 [1387  369]
 [1120  342]
 [1023  316]
 [3912 1133]
 [1521  356]
 [1665  390]
 [3399  821]
 [3765  883]
 [3849  831]
 [4980 1116]
 [5581 1272]
 [4831 1146]
 [4968 1183]
 [6865 1403]
 [6882 1412]
 [6392 1321]
 [6227 1325]
 [5792 1180]
 [6211 1342]
 [4617 1035]
 [3843  921]
 [5171 1386]
 [5412 1236]
 [5254 1252]
 [7461 1671]
 [8001 1754]
 [7479 1631]
 [9012 2038]
 [8704 1923]
 [6046 1460]
 [6758 1548]
 [4797 1150]
 [4493 1113]
 [3854 1017]
 [3286  874]
 [2799  773]
 [2586  643]]
[[4180 1024]
 [4874 1170]
 [4911 1130]
 [4788 1075]
 [5645 1288]
 [4495 1050]
 [4492 1053]
 [3937  935]
 [4293  992]
 [3854  891]
 [3186  716]
 [2293  543]
 [1472  303]
 [1172  277]
 [   0    0]
 [ 552   98]
 [1739  451]
 [1219  277]
 [4585 1315]
 [1208  245]
 [ 537  135]
 [2165  574]
 [2531  636]
 [3012  751]
 [3746  868]
 [4347 1025]
 [5870 1397]
 [6007 1434]
 [5631 1156]
 [5648 1165]
 [5158 1074]
 [4994 1077]
 [4558  933]
 [4978 1095]
 [5096 1142]
 [3268  825]
 [3949  968]
 [5882 1318]
 [5908 1297]
 [6227 1424]
 [6767 1507]
 [6245 1384]
 [7778 1791]
 [7470 1676]
 [6637 1476]
 [7047 1539]
 [5836 1402]
 [5532 1364]
 [4893 1268]
 [4325 1125]
 [3838 1025]
 [3933  992]]
[[4394 1116]
 [4797 1181]
 [5125 1222]
 [5002 1167]
 [5859 1380]
 [4710 1142]
 [4489 1106]
 [4151 1027]
 [4508 1084]
 [4069  983]
 [2633  683]
 [1766  499]
 [1034  278]
 [1387  369]
 [ 552   98]
 [   0    0]
 [1187  353]
 [ 667  179]
 [4120 1206]
 [ 769  152]
 [ 398   89]
 [2131  520]
 [2497  582]
 [2978  697]
 [3712  814]
 [4313  971]
 [5404 1288]
 [5542 1325]
 [5597 1102]
 [5614 1111]
 [5124 1020]
 [4960 1023]
 [4524  879]
 [4944 1041]
 [5062 1088]
 [3334  758]
 [4016  901]
 [5848 1264]
 [5874 1243]
 [6193 1370]
 [6733 1453]
 [6211 1330]
 [7744 1737]
 [7436 1621]
 [6603 1422]
 [7013 1485]
 [5370 1293]
 [5067 1255]
 [4428 1159]
 [3860 1016]
 [3373  916]
 [3467  883]]
[[2811  727]
 [3432  833]
 [3725  866]
 [3602  810]
 [4356  988]
 [3309  785]
 [3124  757]
 [2751  671]
 [3108  728]
 [2668  627]
 [1268  335]
 [ 717  208]
 [ 767  251]
 [1120  342]
 [1739  451]
 [1187  353]
 [   0    0]
 [ 517  157]
 [2971  863]
 [1437  326]
 [1581  360]
 [3314  791]
 [3681  853]
 [3330  619]
 [3802  698]
 [4497  876]
 [4256  946]
 [4393  982]
 [6781 1373]
 [6797 1382]
 [4699  909]
 [4622  925]
 [5708 1150]
 [4224  843]
 [4099  823]
 [3324  709]
 [4231 1116]
 [4893 1024]
 [4735 1040]
 [5556 1217]
 [6320 1382]
 [5416 1167]
 [7404 1680]
 [6641 1459]
 [5106 1190]
 [4869 1160]
 [4222  950]
 [3918  912]
 [3279  817]
 [2711  674]
 [2224  573]
 [2319  540]]
[[3328  884]
 [3948  990]
 [4241 1023]
 [4118  967]
 [4873 1145]
 [3826  942]
 [3641  914]
 [3268  828]
 [3624  885]
 [3185  784]
 [1784  492]
 [ 766  193]
 [ 670  225]
 [1023  316]
 [1219  277]
 [ 667  179]
 [ 517  157]
 [   0    0]
 [3558 1050]
 [ 987  213]
 [1131  247]
 [2864  678]
 [3230  740]
 [2865  516]
 [3338  595]
 [4033  773]
 [4842 1133]
 [4979 1169]
 [6331 1260]
 [6347 1269]
 [4234  806]
 [4158  822]
 [5257 1037]
 [3759  740]
 [3634  720]
 [2860  606]
 [3541  748]
 [4428  921]
 [4271  937]
 [5091 1114]
 [5855 1279]
 [4951 1064]
 [6939 1577]
 [6176 1356]
 [5183 1080]
 [5593 1143]
 [4808 1137]
 [4504 1099]
 [3865 1004]
 [3298  861]
 [2810  760]
 [2905  727]]
[[4218 1260]
 [4839 1366]
 [5095 1432]
 [5783 1476]
 [6538 1654]
 [5491 1451]
 [4531 1290]
 [4932 1337]
 [5289 1394]
 [4850 1293]
 [3220 1013]
 [2887  912]
 [3559 1042]
 [3912 1133]
 [4585 1315]
 [4120 1206]
 [2971  863]
 [3558 1050]
 [   0    0]
 [2670  775]
 [3123  859]
 [2729  603]
 [2384  545]
 [2266  440]
 [2738  518]
 [3433  697]
 [3228  892]
 [3296  933]
 [3142  661]
 [3049  616]
 [2562  530]
 [2484  553]
 [2240  478]
 [2095  476]
 [1760  342]
 [1529  342]
 [1259  253]
 [2481  538]
 [2324  554]
 [3144  731]
 [3908  896]
 [3004  681]
 [4992 1194]
 [4229  973]
 [3236  697]
 [3646  760]
 [3619 1007]
 [4177 1126]
 [4712 1248]
 [4144 1105]
 [3657 1004]
 [3726  987]]
[[4197 1017]
 [4817 1123]
 [5111 1156]
 [4988 1100]
 [5994 1367]
 [4695 1075]
 [4510 1047]
 [4137  961]
 [4493 1018]
 [4054  917]
 [2654  625]
 [1748  431]
 [1168  265]
 [1521  356]
 [1208  245]
 [ 769  152]
 [1437  326]
 [ 987  213]
 [2670  775]
 [   0    0]
 [ 501   84]
 [2458  572]
 [2824  634]
 [2629  545]
 [3102  623]
 [3797  802]
 [5637 1318]
 [5774 1355]
 [5924 1154]
 [5941 1163]
 [5451 1072]
 [5287 1075]
 [4851  931]
 [5271 1093]
 [3398  749]
 [2624  634]
 [3305  776]
 [4192  950]
 [4035  965]
 [4855 1143]
 [7060 1504]
 [4715 1093]
 [8071 1788]
 [5940 1384]
 [4947 1108]
 [5357 1171]
 [5603 1323]
 [5299 1285]
 [4660 1189]
 [4093 1046]
 [3605  946]
 [3700  913]]
[[4341 1051]
 [4962 1157]
 [5255 1190]
 [5132 1135]
 [6138 1401]
 [4839 1109]
 [4654 1082]
 [4281  995]
 [4638 1052]
 [4198  951]
 [2798  659]
 [1892  466]
 [1313  299]
 [1665  390]
 [ 537  135]
 [ 398   89]
 [1581  360]
 [1131  247]
 [3123  859]
 [ 501   84]
 [   0    0]
 [1853  479]
 [2219  540]
 [2700  656]
 [3434  773]
 [4035  930]
 [5781 1422]
 [5919 1459]
 [5319 1060]
 [5336 1069]
 [4846  979]
 [4682  982]
 [4246  837]
 [4666 1000]
 [4784 1047]
 [2927  732]
 [3609  875]
 [5570 1222]
 [5595 1202]
 [5915 1329]
 [6455 1411]
 [5933 1289]
 [7466 1695]
 [7158 1580]
 [6325 1381]
 [6735 1444]
 [5747 1426]
 [5444 1389]
 [4805 1293]
 [4237 1150]
 [3749 1049]
 [3844 1017]]
[[6928 1408]
 [7622 1554]
 [7659 1514]
 [7536 1459]
 [8290 1637]
 [7243 1433]
 [7240 1437]
 [6685 1319]
 [7042 1376]
 [6602 1275]
 [4974  927]
 [5129  919]
 [3046  730]
 [3399  821]
 [2165  574]
 [2131  520]
 [3314  791]
 [2864  678]
 [2729  603]
 [2458  572]
 [1853  479]
 [   0    0]
 [ 380   64]
 [ 861  179]
 [1498  284]
 [1852  403]
 [8865 1817]
 [8916 1855]
 [5849 1086]
 [5865 1095]
 [5375 1004]
 [5211 1008]
 [4776  863]
 [5195 1026]
 [3846  831]
 [3072  716]
 [3753  859]
 [6099 1248]
 [6125 1228]
 [6445 1354]
 [7828 1507]
 [6463 1315]
 [8839 1791]
 [7688 1606]
 [6855 1407]
 [7264 1470]
 [9480 2039]
 [8193 1958]
 [7554 1862]
 [6987 1719]
 [6499 1618]
 [6509 1556]]
[[7294 1470]
 [7989 1615]
 [8025 1575]
 [7902 1520]
 [8656 1698]
 [7610 1495]
 [7607 1498]
 [7051 1381]
 [7408 1438]
 [6968 1336]
 [5340  989]
 [5495  981]
 [3412  792]
 [3765  883]
 [2531  636]
 [2497  582]
 [3681  853]
 [3230  740]
 [2384  545]
 [2824  634]
 [2219  540]
 [ 380   64]
 [   0    0]
 [ 455  111]
 [1092  217]
 [1446  335]
 [7000 1533]
 [7051 1571]
 [6215 1147]
 [6232 1156]
 [5742 1066]
 [3658  744]
 [5142  924]
 [5561 1087]
 [3440  763]
 [2666  649]
 [3348  791]
 [4234  964]
 [4077  980]
 [4898 1157]
 [7233 1424]
 [4757 1108]
 [8244 1708]
 [5982 1399]
 [4989 1123]
 [5399 1186]
 [7615 1755]
 [8174 1873]
 [7921 1923]
 [7353 1780]
 [6866 1679]
 [6876 1618]]
[[7775 1585]
 [8470 1731]
 [8506 1691]
 [8383 1636]
 [9137 1814]
 [8090 1611]
 [8087 1614]
 [7532 1496]
 [7889 1553]
 [7449 1452]
 [5821 1104]
 [3617  675]
 [3496  740]
 [3849  831]
 [3012  751]
 [2978  697]
 [3330  619]
 [2865  516]
 [2266  440]
 [2629  545]
 [2700  656]
 [ 861  179]
 [ 455  111]
 [   0    0]
 [ 637  105]
 [1332  284]
 [6787 1552]
 [6838 1590]
 [4583  873]
 [4599  882]
 [4109  785]
 [3811  740]
 [2534  502]
 [3353  802]
 [3228  782]
 [2453  667]
 [3135  810]
 [4022  983]
 [3865  999]
 [6938 1384]
 [6778 1313]
 [5174 1085]
 [7789 1597]
 [8002 1657]
 [4777 1142]
 [5187 1205]
 [7403 1774]
 [7961 1892]
 [6468 1959]
 [5900 1816]
 [5413 1715]
 [8622 1934]]
[[ 8509  1703]
 [ 9203  1848]
 [ 9240  1808]
 [ 9117  1753]
 [ 9871  1931]
 [ 8824  1728]
 [ 8821  1731]
 [ 8266  1614]
 [ 8623  1670]
 [ 8183  1569]
 [ 6555  1222]
 [ 4089   754]
 [ 4627  1025]
 [ 4980  1116]
 [ 3746   868]
 [ 3712   814]
 [ 3802   698]
 [ 3338   595]
 [ 2738   518]
 [ 3102   623]
 [ 3434   773]
 [ 1498   284]
 [ 1092   217]
 [  637   105]
 [    0     0]
 [  590   172]
 [ 7387  1540]
 [ 7438  1579]
 [ 4051   785]
 [ 4068   794]
 [ 3578   697]
 [ 3280   652]
 [ 3836   752]
 [ 3985   867]
 [ 2413   554]
 [ 3091   775]
 [ 3772   918]
 [ 4621   972]
 [ 4328   921]
 [ 6407  1296]
 [ 6247  1225]
 [ 4643   997]
 [ 7258  1509]
 [ 7471  1569]
 [ 5376  1130]
 [ 5817  1193]
 [10573  2044]
 [11131  2163]
 [ 9135  2152]
 [ 8568  2008]
 [ 8080  1908]
 [ 8090  1846]]
[[ 9110  1859]
 [ 9804  2005]
 [ 9841  1965]
 [ 9718  1910]
 [10472  2088]
 [ 9425  1885]
 [ 9422  1888]
 [ 8867  1770]
 [ 9224  1827]
 [ 8784  1726]
 [ 7156  1378]
 [ 4784   933]
 [ 5228  1181]
 [ 5581  1272]
 [ 4347  1025]
 [ 4313   971]
 [ 4497   876]
 [ 4033   773]
 [ 3433   697]
 [ 3797   802]
 [ 4035   930]
 [ 1852   403]
 [ 1446   335]
 [ 1332   284]
 [  590   172]
 [    0     0]
 [ 6338  1414]
 [ 6389  1453]
 [ 3003   659]
 [ 3019   668]
 [ 2529   571]
 [ 2231   526]
 [ 2525   596]
 [ 2630   667]
 [ 1965   532]
 [ 3445   796]
 [ 4127   939]
 [ 3572   846]
 [ 3279   795]
 [ 3734   919]
 [ 5291  1154]
 [ 3594   871]
 [ 6301  1438]
 [ 4819  1163]
 [ 4327  1004]
 [ 4769  1067]
 [ 6953  1636]
 [ 7512  1755]
 [ 7670  2015]
 [ 9123  2154]
 [ 8636  2054]
 [ 8646  1992]]
[[3297  702]
 [3138  612]
 [4228  901]
 [4735 1068]
 [5489 1248]
 [4412  995]
 [3743  817]
 [3884  929]
 [4241  988]
 [3801  886]
 [3664  822]
 [4000  952]
 [4843 1125]
 [4831 1146]
 [5870 1397]
 [5404 1288]
 [4256  946]
 [4842 1133]
 [3228  892]
 [5637 1318]
 [5781 1422]
 [8865 1817]
 [7000 1533]
 [6787 1552]
 [7387 1540]
 [6338 1414]
 [   0    0]
 [ 187   62]
 [3996  880]
 [4205  935]
 [4081  897]
 [4100  909]
 [4274  972]
 [3736  870]
 [3705  854]
 [4699 1134]
 [4378 1144]
 [2766  559]
 [3115  657]
 [4351  976]
 [4998 1072]
 [4226  894]
 [5196 1215]
 [4363  984]
 [2061  397]
 [1824  382]
 [ 752  245]
 [1310  364]
 [1468  623]
 [1571  632]
 [2107  725]
 [2747  873]]
[[3576  765]
 [3086  577]
 [3801  838]
 [4873 1105]
 [5627 1285]
 [4550 1031]
 [3881  854]
 [4022  965]
 [4379 1024]
 [3939  923]
 [3802  858]
 [4138  988]
 [4981 1161]
 [4968 1183]
 [6007 1434]
 [5542 1325]
 [4393  982]
 [4979 1169]
 [3296  933]
 [5774 1355]
 [5919 1459]
 [8916 1855]
 [7051 1571]
 [6838 1590]
 [7438 1579]
 [6389 1453]
 [ 187   62]
 [   0    0]
 [3961  864]
 [4170  919]
 [4046  880]
 [4066  893]
 [4240  956]
 [3701  853]
 [3670  838]
 [4664 1118]
 [4343 1128]
 [2731  543]
 [3080  640]
 [4316  959]
 [4963 1056]
 [4191  877]
 [5161 1199]
 [4328  968]
 [2114  421]
 [1790  365]
 [ 564  183]
 [1123  302]
 [1281  561]
 [1606  628]
 [2142  722]
 [2782  869]]
[[ 7538  1629]
 [ 7048  1441]
 [ 7762  1702]
 [11326  2169]
 [12080  2347]
 [11033  2144]
 [ 7842  1717]
 [10475  2030]
 [10831  2087]
 [10392  1985]
 [ 8764  1638]
 [ 8918  1630]
 [ 6512  1312]
 [ 6865  1403]
 [ 5631  1156]
 [ 5597  1102]
 [ 6781  1373]
 [ 6331  1260]
 [ 3142   661]
 [ 5924  1154]
 [ 5319  1060]
 [ 5849  1086]
 [ 6215  1147]
 [ 4583   873]
 [ 4051   785]
 [ 3003   659]
 [ 3996   880]
 [ 3961   864]
 [    0     0]
 [  301    56]
 [  526    91]
 [  939   207]
 [ 1109   272]
 [  832   225]
 [  939   275]
 [ 1774   450]
 [ 1748   579]
 [ 1250   357]
 [ 1011   300]
 [  703   286]
 [ 1531   445]
 [  881   283]
 [ 2869   795]
 [ 2106   574]
 [ 2005   516]
 [ 2415   577]
 [ 4631  1148]
 [ 5189  1266]
 [ 5348  1526]
 [ 5673  1593]
 [ 6209  1686]
 [ 6849  1834]]
[[ 7746  1684]
 [ 7256  1496]
 [ 7970  1757]
 [11342  2178]
 [12096  2356]
 [11049  2153]
 [ 8050  1772]
 [10491  2039]
 [10848  2096]
 [10408  1994]
 [ 8780  1647]
 [ 8935  1639]
 [ 6529  1321]
 [ 6882  1412]
 [ 5648  1165]
 [ 5614  1111]
 [ 6797  1382]
 [ 6347  1269]
 [ 3049   616]
 [ 5941  1163]
 [ 5336  1069]
 [ 5865  1095]
 [ 6232  1156]
 [ 4599   882]
 [ 4068   794]
 [ 3019   668]
 [ 4205   935]
 [ 4170   919]
 [  301    56]
 [    0     0]
 [  383    62]
 [  821   182]
 [  976   241]
 [  689   196]
 [  918   268]
 [ 1631   421]
 [ 1478   530]
 [ 1280   360]
 [ 1041   302]
 [  975   310]
 [ 1644   452]
 [  834   263]
 [ 2822   775]
 [ 2059   554]
 [ 2035   519]
 [ 2445   580]
 [ 4661  1150]
 [ 5220  1269]
 [ 5378  1529]
 [ 5703  1595]
 [ 6239  1689]
 [ 6879  1837]]
[[ 7622  1645]
 [ 7132  1457]
 [ 7847  1718]
 [10852  2088]
 [11606  2266]
 [10559  2063]
 [ 7927  1734]
 [10001  1948]
 [10358  2005]
 [ 9918  1904]
 [ 8290  1556]
 [ 8445  1548]
 [ 6039  1230]
 [ 6392  1321]
 [ 5158  1074]
 [ 5124  1020]
 [ 4699   909]
 [ 4234   806]
 [ 2562   530]
 [ 5451  1072]
 [ 4846   979]
 [ 5375  1004]
 [ 5742  1066]
 [ 4109   785]
 [ 3578   697]
 [ 2529   571]
 [ 4081   897]
 [ 4046   880]
 [  526    91]
 [  383    62]
 [    0     0]
 [  740   171]
 [  909   236]
 [  769   210]
 [ 1125   302]
 [ 1712   436]
 [ 1685   565]
 [ 1452   378]
 [ 1212   320]
 [ 1223   353]
 [ 1977   508]
 [ 1083   305]
 [ 3071   818]
 [ 2308   597]
 [ 2207   536]
 [ 2617   597]
 [ 4833  1168]
 [ 5391  1287]
 [ 5549  1546]
 [ 5875  1613]
 [ 6410  1707]
 [ 7050  1854]]
[[ 7642  1658]
 [ 7152  1470]
 [ 7866  1731]
 [10688  2091]
 [11442  2269]
 [10395  2066]
 [ 7946  1747]
 [ 9837  1952]
 [10194  2008]
 [ 9754  1907]
 [ 8126  1560]
 [ 8281  1551]
 [ 5875  1234]
 [ 6227  1325]
 [ 4994  1077]
 [ 4960  1023]
 [ 4622   925]
 [ 4158   822]
 [ 2484   553]
 [ 5287  1075]
 [ 4682   982]
 [ 5211  1008]
 [ 3658   744]
 [ 3811   740]
 [ 3280   652]
 [ 2231   526]
 [ 4100   909]
 [ 4066   893]
 [  939   207]
 [  821   182]
 [  740   171]
 [    0     0]
 [  478   143]
 [  429   171]
 [  785   264]
 [ 1370   384]
 [ 1345   527]
 [ 1371   350]
 [ 1077   299]
 [ 1533   423]
 [ 1937   514]
 [ 1393   375]
 [ 2947   798]
 [ 2618   667]
 [ 2126   509]
 [ 2567   571]
 [ 4752  1140]
 [ 5310  1259]
 [ 5468  1519]
 [ 5794  1585]
 [ 6330  1679]
 [ 6969  1827]]
[[ 9644  1896]
 [ 7326  1533]
 [10375  2001]
 [10252  1946]
 [11007  2124]
 [ 9960  1921]
 [ 9957  1924]
 [ 9402  1807]
 [ 9758  1864]
 [ 9319  1762]
 [ 7690  1415]
 [ 7845  1407]
 [ 5439  1089]
 [ 5792  1180]
 [ 4558   933]
 [ 4524   879]
 [ 5708  1150]
 [ 5257  1037]
 [ 2240   478]
 [ 4851   931]
 [ 4246   837]
 [ 4776   863]
 [ 5142   924]
 [ 2534   502]
 [ 3836   752]
 [ 2525   596]
 [ 4274   972]
 [ 4240   956]
 [ 1109   272]
 [  976   241]
 [  909   236]
 [  478   143]
 [    0     0]
 [  458   199]
 [  538   210]
 [ 1105   326]
 [ 1098   473]
 [ 1362   421]
 [ 1388   391]
 [ 1862   520]
 [ 2247   610]
 [ 1721   473]
 [ 3258   894]
 [ 2946   764]
 [ 2117   580]
 [ 2527   643]
 [ 4743  1212]
 [ 5301  1330]
 [ 5459  1590]
 [ 5785  1657]
 [ 6321  1750]
 [ 9226  2048]]
[[ 7277  1618]
 [ 6787  1430]
 [ 7502  1691]
 [10672  2109]
 [11426  2287]
 [10379  2084]
 [ 7582  1707]
 [ 9821  1969]
 [10178  2026]
 [ 9738  1925]
 [ 8110  1578]
 [ 4511   900]
 [ 5859  1252]
 [ 6211  1342]
 [ 4978  1095]
 [ 4944  1041]
 [ 4224   843]
 [ 3759   740]
 [ 2095   476]
 [ 5271  1093]
 [ 4666  1000]
 [ 5195  1026]
 [ 5561  1087]
 [ 3353   802]
 [ 3985   867]
 [ 2630   667]
 [ 3736   870]
 [ 3701   853]
 [  832   225]
 [  689   196]
 [  769   210]
 [  429   171]
 [  458   199]
 [    0     0]
 [  362   175]
 [  948   284]
 [  922   437]
 [ 1221   293]
 [  928   241]
 [ 1384   366]
 [ 2148   532]
 [ 1243   318]
 [ 3231   830]
 [ 2468   609]
 [ 1977   451]
 [ 2418   513]
 [ 4602  1083]
 [ 5161  1202]
 [ 5319  1461]
 [ 5644  1528]
 [ 6180  1622]
 [ 6820  1769]]
[[7247 1603]
 [6757 1415]
 [7471 1676]
 [7543 1818]
 [8298 1996]
 [7251 1793]
 [6291 1632]
 [6692 1679]
 [7049 1736]
 [6610 1635]
 [4980 1355]
 [4385  879]
 [4265  944]
 [4617 1035]
 [5096 1142]
 [5062 1088]
 [4099  823]
 [3634  720]
 [1760  342]
 [3398  749]
 [4784 1047]
 [3846  831]
 [3440  763]
 [3228  782]
 [2413  554]
 [1965  532]
 [3705  854]
 [3670  838]
 [ 939  275]
 [ 918  268]
 [1125  302]
 [ 785  264]
 [ 538  210]
 [ 362  175]
 [   0    0]
 [ 940  268]
 [ 618  278]
 [ 833  220]
 [ 676  236]
 [1496  405]
 [2260  570]
 [1356  356]
 [3344  868]
 [2581  647]
 [1588  379]
 [1998  442]
 [4214 1011]
 [4772 1130]
 [4930 1389]
 [5256 1456]
 [5792 1549]
 [6431 1697]]
[[5747 1602]
 [7751 1695]
 [6624 1773]
 [7312 1818]
 [8066 1996]
 [7020 1793]
 [6060 1632]
 [6461 1678]
 [6818 1735]
 [6378 1634]
 [4749 1355]
 [3611  765]
 [3490  830]
 [3843  921]
 [3268  825]
 [3334  758]
 [3324  709]
 [2860  606]
 [1529  342]
 [2624  634]
 [2927  732]
 [3072  716]
 [2666  649]
 [2453  667]
 [3091  775]
 [3445  796]
 [4699 1134]
 [4664 1118]
 [1774  450]
 [1631  421]
 [1712  436]
 [1370  384]
 [1105  326]
 [ 948  284]
 [ 940  268]
 [   0    0]
 [ 903  309]
 [1790  482]
 [1632  497]
 [2453  675]
 [3217  840]
 [2313  625]
 [4301 1138]
 [3538  917]
 [2545  640]
 [2955  703]
 [5171 1272]
 [5729 1391]
 [5887 1651]
 [5679 1729]
 [5192 1629]
 [5261 1611]]
[[5478 1513]
 [6098 1618]
 [6355 1684]
 [7043 1729]
 [7797 1907]
 [6750 1704]
 [5790 1543]
 [6192 1590]
 [6548 1647]
 [6109 1545]
 [4479 1266]
 [4146 1165]
 [4818 1295]
 [5171 1386]
 [3949  968]
 [4016  901]
 [4231 1116]
 [3541  748]
 [1259  253]
 [3305  776]
 [3609  875]
 [3753  859]
 [3348  791]
 [3135  810]
 [3772  918]
 [4127  939]
 [4378 1144]
 [4343 1128]
 [1748  579]
 [1478  530]
 [1685  565]
 [1345  527]
 [1098  473]
 [ 922  437]
 [ 618  278]
 [ 903  309]
 [   0    0]
 [1531  430]
 [1374  446]
 [2195  623]
 [2959  788]
 [2054  574]
 [4042 1086]
 [3279  865]
 [2286  589]
 [2696  652]
 [4912 1221]
 [5471 1340]
 [5857 1683]
 [5290 1540]
 [4802 1439]
 [4871 1421]]
[[6307 1308]
 [5817 1120]
 [6532 1381]
 [7604 1647]
 [8358 1827]
 [7281 1574]
 [6612 1396]
 [6753 1508]
 [7109 1567]
 [6670 1465]
 [6533 1401]
 [5179 1080]
 [5059 1145]
 [5412 1236]
 [5882 1318]
 [5848 1264]
 [4893 1024]
 [4428  921]
 [2481  538]
 [4192  950]
 [5570 1222]
 [6099 1248]
 [4234  964]
 [4022  983]
 [4621  972]
 [3572  846]
 [2766  559]
 [2731  543]
 [1250  357]
 [1280  360]
 [1452  378]
 [1371  350]
 [1362  421]
 [1221  293]
 [ 833  220]
 [1790  482]
 [1531  430]
 [   0    0]
 [ 349   98]
 [1585  416]
 [2222  531]
 [1450  352]
 [3117  792]
 [2284  555]
 [ 755  159]
 [1193  230]
 [3381  791]
 [3939  909]
 [4098 1169]
 [4423 1236]
 [4959 1329]
 [5598 1477]]
[[6657 1406]
 [6167 1217]
 [6881 1478]
 [7953 1745]
 [8707 1925]
 [7630 1672]
 [6961 1494]
 [7102 1606]
 [7459 1665]
 [7019 1563]
 [6882 1499]
 [5022 1096]
 [4901 1161]
 [5254 1252]
 [5908 1297]
 [5874 1243]
 [4735 1040]
 [4271  937]
 [2324  554]
 [4035  965]
 [5595 1202]
 [6125 1228]
 [4077  980]
 [3865  999]
 [4328  921]
 [3279  795]
 [3115  657]
 [3080  640]
 [1011  300]
 [1041  302]
 [1212  320]
 [1077  299]
 [1388  391]
 [ 928  241]
 [ 676  236]
 [1632  497]
 [1374  446]
 [ 349   98]
 [   0    0]
 [1291  376]
 [1929  490]
 [1156  312]
 [2823  751]
 [1991  514]
 [1105  273]
 [1514  334]
 [3730  905]
 [4289 1024]
 [4447 1283]
 [4772 1350]
 [5308 1443]
 [5948 1591]]
[[7892 1724]
 [7402 1536]
 [8117 1797]
 [9189 2064]
 [9943 2244]
 [8865 1991]
 [8197 1813]
 [8338 1924]
 [8694 1983]
 [8255 1882]
 [9359 1906]
 [5843 1274]
 [7108 1580]
 [7461 1671]
 [6227 1424]
 [6193 1370]
 [5556 1217]
 [5091 1114]
 [3144  731]
 [4855 1143]
 [5915 1329]
 [6445 1354]
 [4898 1157]
 [6938 1384]
 [6407 1296]
 [3734  919]
 [4351  976]
 [4316  959]
 [ 703  286]
 [ 975  310]
 [1223  353]
 [1533  423]
 [1862  520]
 [1384  366]
 [1496  405]
 [2453  675]
 [2195  623]
 [1585  416]
 [1291  376]
 [   0    0]
 [1872  506]
 [1141  361]
 [2883  790]
 [2366  652]
 [2379  633]
 [2788  694]
 [5004 1265]
 [5563 1384]
 [5721 1643]
 [6046 1710]
 [6582 1803]
 [7222 1951]]
[[ 8540  1821]
 [ 8050  1632]
 [ 8764  1894]
 [ 9836  2160]
 [10590  2340]
 [ 9513  2087]
 [ 8844  1909]
 [ 8985  2021]
 [ 9342  2080]
 [ 8902  1978]
 [ 9899  1989]
 [ 6607  1438]
 [ 7648  1663]
 [ 8001  1754]
 [ 6767  1507]
 [ 6733  1453]
 [ 6320  1382]
 [ 5855  1279]
 [ 3908   896]
 [ 7060  1504]
 [ 6455  1411]
 [ 7828  1507]
 [ 7233  1424]
 [ 6778  1313]
 [ 6247  1225]
 [ 5291  1154]
 [ 4998  1072]
 [ 4963  1056]
 [ 1531   445]
 [ 1644   452]
 [ 1977   508]
 [ 1937   514]
 [ 2247   610]
 [ 2148   532]
 [ 2260   570]
 [ 3217   840]
 [ 2959   788]
 [ 2222   531]
 [ 1929   490]
 [ 1872   506]
 [    0     0]
 [  922   224]
 [ 1749   514]
 [ 2188   548]
 [ 2970   673]
 [ 3387   770]
 [ 5528  1237]
 [ 6086  1356]
 [ 6244  1616]
 [ 6570  1682]
 [ 7106  1776]
 [ 7745  1924]]
[[7767 1642]
 [7277 1454]
 [7992 1715]
 [9064 1982]
 [9818 2162]
 [8741 1909]
 [8072 1731]
 [8213 1842]
 [8569 1901]
 [8130 1800]
 [7993 1735]
 [5703 1224]
 [7126 1541]
 [7479 1631]
 [6245 1384]
 [6211 1330]
 [5416 1167]
 [4951 1064]
 [3004  681]
 [4715 1093]
 [5933 1289]
 [6463 1315]
 [4757 1108]
 [5174 1085]
 [4643  997]
 [3594  871]
 [4226  894]
 [4191  877]
 [ 881  283]
 [ 834  263]
 [1083  305]
 [1393  375]
 [1721  473]
 [1243  318]
 [1356  356]
 [2313  625]
 [2054  574]
 [1450  352]
 [1156  312]
 [1141  361]
 [ 922  224]
 [   0    0]
 [2322  582]
 [1359  341]
 [2197  488]
 [2615  584]
 [4755 1052]
 [5314 1171]
 [5472 1430]
 [5797 1497]
 [6333 1590]
 [6973 1738]]
[[ 8737  1964]
 [ 8247  1775]
 [ 8961  2037]
 [10033  2303]
 [10788  2483]
 [ 9710  2230]
 [ 9042  2052]
 [ 9183  2164]
 [ 9539  2223]
 [ 9100  2121]
 [ 8962  2057]
 [ 7691  1736]
 [ 8659  1947]
 [ 9012  2038]
 [ 7778  1791]
 [ 7744  1737]
 [ 7404  1680]
 [ 6939  1577]
 [ 4992  1194]
 [ 8071  1788]
 [ 7466  1695]
 [ 8839  1791]
 [ 8244  1708]
 [ 7789  1597]
 [ 7258  1509]
 [ 6301  1438]
 [ 5196  1215]
 [ 5161  1199]
 [ 2869   795]
 [ 2822   775]
 [ 3071   818]
 [ 2947   798]
 [ 3258   894]
 [ 3231   830]
 [ 3344   868]
 [ 4301  1138]
 [ 4042  1086]
 [ 3117   792]
 [ 2823   751]
 [ 2883   790]
 [ 1749   514]
 [ 2322   582]
 [    0     0]
 [  965   218]
 [ 3399   723]
 [ 3809   784]
 [ 6080  1321]
 [ 6638  1440]
 [ 6796  1699]
 [ 7122  1766]
 [ 7658  1859]
 [ 8297  2007]]
[[7904 1733]
 [7414 1544]
 [8129 1806]
 [9201 2072]
 [9955 2252]
 [8878 1999]
 [8209 1821]
 [8350 1933]
 [8707 1992]
 [8267 1890]
 [8130 1826]
 [6928 1515]
 [8351 1832]
 [8704 1923]
 [7470 1676]
 [7436 1621]
 [6641 1459]
 [6176 1356]
 [4229  973]
 [5940 1384]
 [7158 1580]
 [7688 1606]
 [5982 1399]
 [8002 1657]
 [7471 1569]
 [4819 1163]
 [4363  984]
 [4328  968]
 [2106  574]
 [2059  554]
 [2308  597]
 [2618  667]
 [2946  764]
 [2468  609]
 [2581  647]
 [3538  917]
 [3279  865]
 [2284  555]
 [1991  514]
 [2366  652]
 [2188  548]
 [1359  341]
 [ 965  218]
 [   0    0]
 [2333  591]
 [3454  749]
 [5746 1298]
 [6305 1417]
 [6463 1677]
 [6788 1743]
 [7324 1837]
 [7964 1985]]
[[5690 1187]
 [5200  998]
 [5914 1259]
 [6753 1437]
 [7507 1617]
 [6429 1364]
 [5761 1186]
 [5902 1297]
 [6258 1356]
 [5819 1255]
 [4761 1137]
 [4780 1168]
 [5694 1369]
 [6046 1460]
 [6637 1476]
 [6603 1422]
 [5106 1190]
 [5183 1080]
 [3236  697]
 [4947 1108]
 [6325 1381]
 [6855 1407]
 [4989 1123]
 [4777 1142]
 [5376 1130]
 [4327 1004]
 [2061  397]
 [2114  421]
 [2005  516]
 [2035  519]
 [2207  536]
 [2126  509]
 [2117  580]
 [1977  451]
 [1588  379]
 [2545  640]
 [2286  589]
 [ 755  159]
 [1105  273]
 [2379  633]
 [2970  673]
 [2197  488]
 [3399  723]
 [2333  591]
 [   0    0]
 [ 534  145]
 [2677  673]
 [3235  792]
 [3393 1052]
 [3719 1118]
 [4255 1212]
 [4894 1360]]
[[5366 1131]
 [4876  942]
 [5590 1203]
 [6662 1470]
 [7417 1650]
 [6339 1397]
 [5670 1219]
 [5812 1331]
 [6168 1390]
 [5729 1288]
 [5591 1224]
 [4543 1138]
 [5457 1339]
 [6758 1548]
 [7047 1539]
 [7013 1485]
 [4869 1160]
 [5593 1143]
 [3646  760]
 [5357 1171]
 [6735 1444]
 [7264 1470]
 [5399 1186]
 [5187 1205]
 [5817 1193]
 [4769 1067]
 [1824  382]
 [1790  365]
 [2415  577]
 [2445  580]
 [2617  597]
 [2567  571]
 [2527  643]
 [2418  513]
 [1998  442]
 [2955  703]
 [2696  652]
 [1193  230]
 [1514  334]
 [2788  694]
 [3387  770]
 [2615  584]
 [3809  784]
 [3454  749]
 [ 534  145]
 [   0    0]
 [2373  614]
 [2931  733]
 [3089  992]
 [3415 1059]
 [3950 1152]
 [4590 1300]]
[[ 3273   707]
 [ 2783   519]
 [ 3497   780]
 [ 4701  1072]
 [ 5455  1252]
 [ 4378   999]
 [ 3709   822]
 [ 3850   933]
 [ 4207   992]
 [ 3767   891]
 [ 3630   826]
 [ 3966   956]
 [ 4809  1129]
 [ 4797  1150]
 [ 5836  1402]
 [ 5370  1293]
 [ 4222   950]
 [ 4808  1137]
 [ 3619  1007]
 [ 5603  1323]
 [ 5747  1426]
 [ 9480  2039]
 [ 7615  1755]
 [ 7403  1774]
 [10573  2044]
 [ 6953  1636]
 [  752   245]
 [  564   183]
 [ 4631  1148]
 [ 4661  1150]
 [ 4833  1168]
 [ 4752  1140]
 [ 4743  1212]
 [ 4602  1083]
 [ 4214  1011]
 [ 5171  1272]
 [ 4912  1221]
 [ 3381   791]
 [ 3730   905]
 [ 5004  1265]
 [ 5528  1237]
 [ 4755  1052]
 [ 6080  1321]
 [ 5746  1298]
 [ 2677   673]
 [ 2373   614]
 [    0     0]
 [  586   175]
 [ 1228   571]
 [ 1775   704]
 [ 2311   798]
 [ 2950   946]]
[[ 3049   678]
 [ 2559   490]
 [ 3274   751]
 [ 4398  1035]
 [ 5152  1215]
 [ 4075   962]
 [ 3406   784]
 [ 3547   895]
 [ 3903   954]
 [ 3464   853]
 [ 3327   788]
 [ 3663   918]
 [ 4506  1091]
 [ 4493  1113]
 [ 5532  1364]
 [ 5067  1255]
 [ 3918   912]
 [ 4504  1099]
 [ 4177  1126]
 [ 5299  1285]
 [ 5444  1389]
 [ 8193  1958]
 [ 8174  1873]
 [ 7961  1892]
 [11131  2163]
 [ 7512  1755]
 [ 1310   364]
 [ 1123   302]
 [ 5189  1266]
 [ 5220  1269]
 [ 5391  1287]
 [ 5310  1259]
 [ 5301  1330]
 [ 5161  1202]
 [ 4772  1130]
 [ 5729  1391]
 [ 5471  1340]
 [ 3939   909]
 [ 4289  1024]
 [ 5563  1384]
 [ 6086  1356]
 [ 5314  1171]
 [ 6638  1440]
 [ 6305  1417]
 [ 3235   792]
 [ 2931   733]
 [  586   175]
 [    0     0]
 [  806   495]
 [ 1255   620]
 [ 1791   713]
 [ 2431   861]]
[[2318  544]
 [1828  355]
 [2543  616]
 [3710  920]
 [4644 1101]
 [3246  844]
 [2767  688]
 [2908  800]
 [3264  859]
 [2825  757]
 [2687  693]
 [3023  823]
 [3867  996]
 [3854 1017]
 [4893 1268]
 [4428 1159]
 [3279  817]
 [3865 1004]
 [4712 1248]
 [4660 1189]
 [4805 1293]
 [7554 1862]
 [7921 1923]
 [6468 1959]
 [9135 2152]
 [7670 2015]
 [1468  623]
 [1281  561]
 [5348 1526]
 [5378 1529]
 [5549 1546]
 [5468 1519]
 [5459 1590]
 [5319 1461]
 [4930 1389]
 [5887 1651]
 [5857 1683]
 [4098 1169]
 [4447 1283]
 [5721 1643]
 [6244 1616]
 [5472 1430]
 [6796 1699]
 [6463 1677]
 [3393 1052]
 [3089  992]
 [1228  571]
 [ 806  495]
 [   0    0]
 [ 692  263]
 [1228  356]
 [1867  504]]
[[1753  430]
 [1827  418]
 [2684  629]
 [3191  796]
 [3945  976]
 [2868  723]
 [2199  545]
 [2340  656]
 [2697  715]
 [2257  614]
 [2120  550]
 [2456  679]
 [3299  853]
 [3286  874]
 [4325 1125]
 [3860 1016]
 [2711  674]
 [3298  861]
 [4144 1105]
 [4093 1046]
 [4237 1150]
 [6987 1719]
 [7353 1780]
 [5900 1816]
 [8568 2008]
 [9123 2154]
 [1571  632]
 [1606  628]
 [5673 1593]
 [5703 1595]
 [5875 1613]
 [5794 1585]
 [5785 1657]
 [5644 1528]
 [5256 1456]
 [5679 1729]
 [5290 1540]
 [4423 1236]
 [4772 1350]
 [6046 1710]
 [6570 1682]
 [5797 1497]
 [7122 1766]
 [6788 1743]
 [3719 1118]
 [3415 1059]
 [1775  704]
 [1255  620]
 [ 692  263]
 [   0    0]
 [ 638  163]
 [1277  311]]
[[1190  309]
 [1677  370]
 [2121  509]
 [2628  676]
 [3382  856]
 [2305  603]
 [1636  425]
 [1777  536]
 [2134  595]
 [1694  494]
 [1632  449]
 [1968  579]
 [2812  752]
 [2799  773]
 [3838 1025]
 [3373  916]
 [2224  573]
 [2810  760]
 [3657 1004]
 [3605  946]
 [3749 1049]
 [6499 1618]
 [6866 1679]
 [5413 1715]
 [8080 1908]
 [8636 2054]
 [2107  725]
 [2142  722]
 [6209 1686]
 [6239 1689]
 [6410 1707]
 [6330 1679]
 [6321 1750]
 [6180 1622]
 [5792 1549]
 [5192 1629]
 [4802 1439]
 [4959 1329]
 [5308 1443]
 [6582 1803]
 [7106 1776]
 [6333 1590]
 [7658 1859]
 [7324 1837]
 [4255 1212]
 [3950 1152]
 [2311  798]
 [1791  713]
 [1228  356]
 [ 638  163]
 [   0    0]
 [ 640  148]]
[[ 599  161]
 [1211  264]
 [1531  360]
 [1988  473]
 [2742  653]
 [1635  414]
 [ 996  223]
 [1137  334]
 [1494  393]
 [1054  292]
 [1536  375]
 [1993  519]
 [2942  748]
 [2586  643]
 [3933  992]
 [3467  883]
 [2319  540]
 [2905  727]
 [3726  987]
 [3700  913]
 [3844 1017]
 [6509 1556]
 [6876 1618]
 [8622 1934]
 [8090 1846]
 [8646 1992]
 [2747  873]
 [2782  869]
 [6849 1834]
 [6879 1837]
 [7050 1854]
 [6969 1827]
 [9226 2048]
 [6820 1769]
 [6431 1697]
 [5261 1611]
 [4871 1421]
 [5598 1477]
 [5948 1591]
 [7222 1951]
 [7745 1924]
 [6973 1738]
 [8297 2007]
 [7964 1985]
 [4894 1360]
 [4590 1300]
 [2950  946]
 [2431  861]
 [1867  504]
 [1277  311]
 [ 640  148]
 [   0    0]]
